How do you think the British Government reacted to the Non-Cooperation Movement?
50
3 217 1
71 420 1
6 146 1
63 329 1
79 282 1
71 426 1
48 519 1
21 494 1
10 237 1
7 424 1
4 236 1
2 320 1
79 142 1
3 372 1
83 414 2
1 373 1
23 246 1
73 346 1
3 111 1
34 301 1
2 61 2
48 409 1
96 363 1
21 182 1
5 95 2
10 207 1
78 64 6
27 17 1
74 319 1
5 162 1
21 189 2
3 320 1
32 153 1
21 401 1
20 448 1
4 2 1
83 401 1
9 462 1
22 254 1
26 252 1
84 95 1
5 313 1
2 14 2
3 68 1
63 290 1
3 110 1
21 150 1
92 105 1
3 222 2
43 199 1
